        Frequency / GHz                S1,1/abs,dB
----------------------------------------------------------------------
                       8                      -15.837315
               8.0039997                      -15.843883
               8.0080004                      -15.850682
               8.0120001                      -15.857711
               8.0159998                      -15.864971
               8.0200005                      -15.872465
               8.0240002                      -15.880189
               8.0279999                      -15.888147
               8.0319996                      -15.896337
               8.0360003                      -15.904761
                    8.04                      -15.913418
               8.0439997                       -15.92231
               8.0480003                      -15.931437
                   8.052                      -15.940799
               8.0559998                      -15.950395
               8.0600004                      -15.960228
               8.0640001                      -15.970296
               8.0679998                      -15.980601
               8.0719995                      -15.991143
               8.0760002                      -16.001922
               8.0799999                      -16.012938
               8.0839996                      -16.024192
               8.0880003                      -16.035684
                   8.092                      -16.047413
               8.0959997                      -16.059383
               8.1000004                       -16.07159
               8.1040001                      -16.084037
               8.1079998                      -16.096723
               8.1120005                      -16.109648
               8.1160002                      -16.122813
               8.1199999                      -16.136218
               8.1239996                      -16.149863
               8.1280003                      -16.163748
                   8.132                      -16.177874
               8.1359997                      -16.192239
               8.1400003                      -16.206844
               8.1440001                      -16.221691
               8.1479998                      -16.236779
               8.1520004                      -16.252106
               8.1560001                      -16.267675
               8.1599998                      -16.283484
               8.1639996                      -16.299534
               8.1680002                      -16.315824
               8.1719999                      -16.332355
               8.1759996                      -16.349126
               8.1800003                      -16.366137
                   8.184                      -16.383389
               8.1879997                       -16.40088
               8.1920004                      -16.418613
               8.1960001                      -16.436584
               8.1999998                      -16.454795
               8.2040005                      -16.473245
               8.2080002                      -16.491933
               8.2119999                      -16.510862
               8.2159996                      -16.530028
               8.2200003                      -16.549433
                   8.224                      -16.569075
               8.2279997                      -16.588955
               8.2320004                      -16.609072
               8.2360001                      -16.629427
               8.2399998                      -16.650016
               8.2440004                      -16.670843
               8.2480001                      -16.691906
               8.2519999                      -16.713203
               8.2559996                      -16.734736
               8.2600002                      -16.756502
               8.2639999                      -16.778503
               8.2679996                      -16.800737
               8.2720003                      -16.823204
                   8.276                      -16.845903
               8.2799997                      -16.868835
               8.2840004                      -16.891997
               8.2880001                      -16.915391
               8.2919998                      -16.939014
               8.2959995                      -16.962868
               8.3000002                      -16.986951
               8.3039999                      -17.011262
               8.3079996                      -17.035802
               8.3120003                      -17.060569
                   8.316                      -17.085564
               8.3199997                      -17.110784
               8.3240004                       -17.13623
               8.3280001                      -17.161903
               8.3319998                      -17.187799
               8.3360004                      -17.213921
               8.3400002                      -17.240267
               8.3439999                      -17.266835
               8.3479996                      -17.293625
               8.3520002                      -17.320638
               8.3559999                      -17.347872
               8.3599997                      -17.375328
               8.3640003                      -17.403006
                   8.368                      -17.430903
               8.3719997                      -17.459019
               8.3760004                      -17.487357
               8.3800001                      -17.515911
               8.3839998                      -17.544686
               8.3879995                       -17.57368
               8.3920002                       -17.60289
               8.3959999                      -17.632319
               8.3999996                      -17.661966
               8.4040003                       -17.69183
                   8.408                      -17.721912
               8.4119997                       -17.75221
               8.4160004                      -17.782726
               8.4200001                      -17.813459
               8.4239998                      -17.844409
               8.4280005                      -17.875576
               8.4320002                      -17.906961
               8.4359999                      -17.938562
               8.4399996                      -17.970382
               8.4440002                      -18.002419
                   8.448                      -18.034675
               8.4519997                      -18.067149
               8.4560003                      -18.099843
                    8.46                      -18.132756
               8.4639997                      -18.165889
               8.4680004                      -18.199242
               8.4720001                      -18.232819
               8.4759998                      -18.266617
               8.4799995                      -18.300638
               8.4840002                      -18.334884
               8.4879999                      -18.369356
               8.4919996                      -18.404053
               8.4960003                      -18.438979
                     8.5                      -18.474133
               8.5039997                      -18.509519
               8.5080004                      -18.545136
               8.5120001                      -18.580987
               8.5159998                      -18.617074
               8.5200005                      -18.653398
               8.5240002                      -18.689962
               8.5279999                      -18.726766
               8.5319996                      -18.763814
               8.5360003                      -18.801108
                    8.54                       -18.83865
               8.5439997                      -18.876444
               8.5480003                       -18.91449
                   8.552                      -18.952793
               8.5559998                      -18.991355
               8.5600004                      -19.030181
               8.5640001                       -19.06927
               8.5679998                       -19.10863
               8.5719995                      -19.148261
               8.5760002                      -19.188168
               8.5799999                      -19.228356
               8.5839996                      -19.268827
               8.5880003                      -19.309586
                   8.592                      -19.350637
               8.5959997                      -19.391985
               8.6000004                      -19.433634
               8.6040001                      -19.475589
               8.6079998                      -19.517854
               8.6120005                      -19.560436
               8.6160002                      -19.603339
               8.6199999                       -19.64657
               8.6239996                      -19.690132
               8.6280003                      -19.734033
                   8.632                      -19.778278
               8.6359997                      -19.822873
               8.6400003                      -19.867826
               8.6440001                      -19.913142
               8.6479998                      -19.958829
               8.6520004                      -20.004893
               8.6560001                      -20.051342
               8.6599998                      -20.098183
               8.6639996                      -20.145424
               8.6680002                      -20.193073
               8.6719999                      -20.241138
               8.6759996                      -20.289628
               8.6800003                       -20.33855
                   8.684                      -20.387914
               8.6879997                       -20.43773
               8.6920004                      -20.488006
               8.6960001                      -20.538751
               8.6999998                      -20.589976
               8.7040005                      -20.641692
               8.7080002                      -20.693907
               8.7119999                      -20.746632
               8.7159996                      -20.799881
               8.7200003                      -20.853663
                   8.724                      -20.907989
               8.7279997                      -20.962872
               8.7320004                      -21.018323
               8.7360001                      -21.074355
               8.7399998                      -21.130982
               8.7440004                      -21.188215
               8.7480001                      -21.246069
               8.7519999                      -21.304557
               8.7559996                      -21.363693
               8.7600002                      -21.423492
               8.7639999                      -21.483968
               8.7679996                      -21.545138
               8.7720003                      -21.607015
                   8.776                      -21.669618
               8.7799997                       -21.73296
               8.7840004                       -21.79706
               8.7880001                      -21.861937
               8.7919998                      -21.927604
               8.7959995                      -21.994083
               8.8000002                      -22.061391
               8.8039999                      -22.129548
               8.8079996                      -22.198571
               8.8120003                      -22.268484
                   8.816                      -22.339305
               8.8199997                      -22.411057
               8.8240004                      -22.483759
               8.8280001                      -22.557436
               8.8319998                       -22.63211
               8.8360004                      -22.707805
               8.8400002                      -22.784543
               8.8439999                      -22.862352
               8.8479996                      -22.941255
               8.8520002                      -23.021281
               8.8559999                      -23.102453
               8.8599997                      -23.184803
               8.8640003                      -23.268356
                   8.868                      -23.353144
               8.8719997                      -23.439195
               8.8760004                      -23.526543
               8.8800001                      -23.615217
               8.8839998                      -23.705251
               8.8879995                       -23.79668
               8.8920002                      -23.889538
               8.8959999                      -23.983861
               8.8999996                      -24.079687
               8.9040003                      -24.177054
                   8.908                      -24.276001
               8.9119997                      -24.376569
               8.9160004                      -24.478802
               8.9200001                      -24.582739
               8.9239998                      -24.688429
               8.9280005                      -24.795917
               8.9320002                      -24.905251
               8.9359999                       -25.01648
               8.9399996                      -25.129656
               8.9440002                       -25.24483
                   8.948                      -25.362058
               8.9519997                      -25.481396
               8.9560003                      -25.602903
                    8.96                      -25.726638
               8.9639997                      -25.852664
               8.9680004                      -25.981047
               8.9720001                       -26.11185
               8.9759998                      -26.245144
               8.9799995                      -26.381002
               8.9840002                      -26.519494
               8.9879999                      -26.660699
               8.9919996                      -26.804693
               8.9960003                      -26.951558
                       9                      -27.101377
               9.0039997                      -27.254238
               9.0080004                      -27.410225
               9.0120001                      -27.569433
               9.0159998                      -27.731954
               9.0200005                      -27.897882
               9.0240002                      -28.067315
               9.0279999                      -28.240352
               9.0319996                      -28.417094
               9.0360003                      -28.597643
                    9.04                      -28.782099
               9.0439997                      -28.970566
               9.0480003                      -29.163145
                   9.052                      -29.359933
               9.0559998                      -29.561024
               9.0600004                      -29.766511
               9.0640001                      -29.976475
               9.0679998                      -30.190989
               9.0719995                      -30.410114
               9.0760002                      -30.633895
               9.0799999                      -30.862356
               9.0839996                      -31.095493
               9.0880003                      -31.333273
                   9.092                       -31.57562
               9.0959997                       -31.82241
               9.1000004                      -32.073459
               9.1040001                      -32.328507
               9.1079998                      -32.587208
               9.1120005                      -32.849107
               9.1160002                      -33.113625
               9.1199999                      -33.380028
               9.1239996                      -33.647412
               9.1280003                      -33.914665
                   9.132                      -34.180446
               9.1359997                      -34.443153
               9.1400003                      -34.700901
               9.1440001                      -34.951503
               9.1479998                      -35.192463
               9.1520004                       -35.42099
               9.1560001                      -35.634029
               9.1599998                      -35.828327
               9.1639996                      -36.000527
               9.1680002                      -36.147306
               9.1719999                      -36.265531
               9.1759996                      -36.352439
               9.1800003                      -36.405821
                   9.184                      -36.424183
               9.1879997                      -36.406854
               9.1920004                       -36.35405
               9.1960001                      -36.266847
               9.1999998                      -36.147105
               9.2040005                      -35.997322
               9.2080002                      -35.820463
               9.2119999                      -35.619778
               9.2159996                      -35.398627
               9.2200003                      -35.160337
                   9.224                      -34.908076
               9.2279997                      -34.644784
               9.2320004                      -34.373117
               9.2360001                      -34.095426
               9.2399998                      -33.813755
               9.2440004                      -33.529855
               9.2480001                      -33.245201
               9.2519999                      -32.961028
               9.2559996                      -32.678343
               9.2600002                      -32.397972
               9.2639999                      -32.120575
               9.2679996                      -31.846671
               9.2720003                      -31.576664
                   9.276                      -31.310859
               9.2799997                      -31.049483
               9.2840004                      -30.792693
               9.2880001                      -30.540591
               9.2919998                      -30.293235
               9.2959995                      -30.050647
               9.3000002                      -29.812819
               9.3039999                      -29.579719
               9.3079996                        -29.3513
               9.3120003                      -29.127496
                   9.316                      -28.908233
               9.3199997                      -28.693428
               9.3240004                      -28.482992
               9.3280001                       -28.27683
               9.3319998                      -28.074846
               9.3360004                      -27.876943
               9.3400002                      -27.683023
               9.3439999                      -27.492984
               9.3479996                       -27.30673
               9.3520002                      -27.124166
               9.3559999                      -26.945195
               9.3599997                      -26.769725
               9.3640003                      -26.597665
                   9.368                      -26.428925
               9.3719997                      -26.263419
               9.3760004                      -26.101065
               9.3800001                      -25.941779
               9.3839998                      -25.785486
               9.3879995                      -25.632106
               9.3920002                      -25.481565
               9.3959999                      -25.333794
               9.3999996                      -25.188722
               9.4040003                      -25.046284
                   9.408                      -24.906413
               9.4119997                       -24.76905
               9.4160004                      -24.634132
               9.4200001                      -24.501602
               9.4239998                      -24.371404
               9.4280005                      -24.243484
               9.4320002                       -24.11779
               9.4359999                       -23.99427
               9.4399996                      -23.872879
               9.4440002                      -23.753565
                   9.448                      -23.636288
               9.4519997                      -23.520998
               9.4560003                      -23.407657
                    9.46                      -23.296224
               9.4639997                      -23.186657
               9.4680004                      -23.078918
               9.4720001                      -22.972972
               9.4759998                      -22.868782
               9.4799995                      -22.766313
               9.4840002                      -22.665531
               9.4879999                      -22.566406
               9.4919996                      -22.468903
               9.4960003                      -22.372995
                     9.5                      -22.278649
               9.5039997                      -22.185839
               9.5080004                      -22.094538
               9.5120001                      -22.004714
               9.5159998                      -21.916347
               9.5200005                      -21.829409
               9.5240002                      -21.743874
               9.5279999                      -21.659721
               9.5319996                      -21.576925
               9.5360003                      -21.495463
                    9.54                      -21.415315
               9.5439997                      -21.336458
               9.5480003                      -21.258872
                   9.552                      -21.182537
               9.5559998                      -21.107433
               9.5600004                      -21.033543
               9.5640001                      -20.960845
               9.5679998                      -20.889322
               9.5719995                      -20.818958
               9.5760002                      -20.749735
               9.5799999                      -20.681635
               9.5839996                      -20.614643
               9.5880003                      -20.548743
                   9.592                      -20.483919
               9.5959997                      -20.420157
               9.6000004                       -20.35744
               9.6040001                      -20.295755
               9.6079998                      -20.235088
               9.6120005                      -20.175424
               9.6160002                      -20.116752
               9.6199999                      -20.059056
               9.6239996                      -20.002325
               9.6280003                      -19.946544
                   9.632                      -19.891704
               9.6359997                      -19.837789
               9.6400003                      -19.784791
               9.6440001                      -19.732696
               9.6479998                      -19.681492
               9.6520004                       -19.63117
               9.6560001                      -19.581718
               9.6599998                      -19.533125
               9.6639996                       -19.48538
               9.6680002                      -19.438474
               9.6719999                      -19.392396
               9.6759996                      -19.347136
               9.6800003                      -19.302684
                   9.684                      -19.259031
               9.6879997                      -19.216167
               9.6920004                      -19.174082
               9.6960001                      -19.132768
               9.6999998                      -19.092215
               9.7040005                      -19.052414
               9.7080002                      -19.013357
               9.7119999                      -18.975035
               9.7159996                       -18.93744
               9.7200003                      -18.900563
                   9.724                      -18.864394
               9.7279997                      -18.828928
               9.7320004                      -18.794155
               9.7360001                      -18.760068
               9.7399998                      -18.726658
               9.7440004                      -18.693918
               9.7480001                       -18.66184
               9.7519999                      -18.630416
               9.7559996                       -18.59964
               9.7600002                      -18.569503
               9.7639999                      -18.539998
               9.7679996                      -18.511117
               9.7720003                      -18.482855
                   9.776                      -18.455203
               9.7799997                      -18.428154
               9.7840004                      -18.401702
               9.7880001                       -18.37584
               9.7919998                       -18.35056
               9.7959995                      -18.325856
               9.8000002                      -18.301721
               9.8039999                      -18.278149
               9.8079996                      -18.255132
               9.8120003                      -18.232664
                   9.816                      -18.210739
               9.8199997                      -18.189349
               9.8240004                       -18.16849
               9.8280001                      -18.148154
               9.8319998                      -18.128334
               9.8360004                      -18.109025
               9.8400002                       -18.09022
               9.8439999                      -18.071913
               9.8479996                      -18.054098
               9.8520002                      -18.036769
               9.8559999                      -18.019919
               9.8599997                      -18.003543
               9.8640003                      -17.987633
                   9.868                      -17.972185
               9.8719997                      -17.957192
               9.8760004                      -17.942649
               9.8800001                      -17.928548
               9.8839998                      -17.914885
               9.8879995                      -17.901654
               9.8920002                      -17.888848
               9.8959999                      -17.876462
               9.8999996                      -17.864491
               9.9040003                      -17.852926
                   9.908                      -17.841766
               9.9119997                      -17.831001
               9.9160004                      -17.820627
               9.9200001                      -17.810639
               9.9239998                      -17.801031
               9.9280005                      -17.791797
               9.9320002                      -17.782932
               9.9359999                      -17.774428
               9.9399996                      -17.766284
               9.9440002                      -17.758491
                   9.948                      -17.751044
               9.9519997                      -17.743939
               9.9560003                      -17.737169
                    9.96                      -17.730729
               9.9639997                      -17.724615
               9.9680004                       -17.71882
               9.9720001                      -17.713338
               9.9759998                      -17.708166
               9.9799995                      -17.703298
               9.9840002                      -17.698729
               9.9879999                      -17.694452
               9.9919996                      -17.690464
               9.9960003                      -17.686759
                      10                      -17.683332
                  10.004                      -17.680179
                  10.008                      -17.677292
                  10.012                       -17.67467
                  10.016                      -17.672305
                   10.02                      -17.670195
                  10.024                      -17.668332
                  10.028                      -17.666714
                  10.032                      -17.665333
                  10.036                      -17.664188
                   10.04                      -17.663272
                  10.044                      -17.662581
                  10.048                      -17.662111
                  10.052                      -17.661857
                  10.056                      -17.661815
                   10.06                       -17.66198
                  10.064                      -17.662347
                  10.068                      -17.662913
                  10.072                      -17.663674
                  10.076                      -17.664624
                   10.08                      -17.665762
                  10.084                      -17.667081
                  10.088                      -17.668579
                  10.092                       -17.67025
                  10.096                      -17.672092
                    10.1                      -17.674101
                  10.104                      -17.676273
                  10.108                      -17.678604
                  10.112                      -17.681089
                  10.116                      -17.683729
                   10.12                      -17.686516
                  10.124                      -17.689449
                  10.128                      -17.692525
                  10.132                      -17.695738
                  10.136                      -17.699089
                   10.14                      -17.702572
                  10.144                      -17.706184
                  10.148                      -17.709924
                  10.152                      -17.713787
                  10.156                      -17.717772
                   10.16                      -17.721877
                  10.164                      -17.726097
                  10.168                      -17.730432
                  10.172                      -17.734877
                  10.176                      -17.739431
                   10.18                      -17.744092
                  10.184                      -17.748858
                  10.188                      -17.753726
                  10.192                      -17.758694
                  10.196                      -17.763763
                    10.2                      -17.768927
                  10.204                      -17.774187
                  10.208                       -17.77954
                  10.212                      -17.784985
                  10.216                      -17.790521
                   10.22                      -17.796146
                  10.224                       -17.80186
                  10.228                      -17.807658
                  10.232                      -17.813543
                  10.236                      -17.819514
                   10.24                      -17.825566
                  10.244                      -17.831702
                  10.248                      -17.837919
                  10.252                      -17.844218
                  10.256                      -17.850597
                   10.26                      -17.857055
                  10.264                      -17.863593
                  10.268                      -17.870211
                  10.272                      -17.876905
                  10.276                      -17.883678
                   10.28                       -17.89053
                  10.284                      -17.897459
                  10.288                      -17.904466
                  10.292                      -17.911551
                  10.296                      -17.918713
                    10.3                      -17.925953
                  10.304                      -17.933271
                  10.308                      -17.940667
                  10.312                      -17.948142
                  10.316                      -17.955695
                   10.32                      -17.963328
                  10.324                      -17.971039
                  10.328                      -17.978831
                  10.332                      -17.986703
                  10.336                      -17.994656
                   10.34                      -18.002691
                  10.344                      -18.010807
                  10.348                      -18.019005
                  10.352                      -18.027288
                  10.356                      -18.035654
                   10.36                      -18.044106
                  10.364                      -18.052642
                  10.368                      -18.061264
                  10.372                      -18.069974
                  10.376                      -18.078771
                   10.38                      -18.087656
                  10.384                      -18.096631
                  10.388                      -18.105696
                  10.392                      -18.114852
                  10.396                      -18.124099
                    10.4                      -18.133438
                  10.404                      -18.142871
                  10.408                      -18.152397
                  10.412                      -18.162019
                  10.416                      -18.171735
                   10.42                      -18.181548
                  10.424                      -18.191457
                  10.428                      -18.201463
                  10.432                      -18.211568
                  10.436                      -18.221772
                   10.44                      -18.232074
                  10.444                      -18.242476
                  10.448                      -18.252979
                  10.452                      -18.263582
                  10.456                      -18.274286
                   10.46                      -18.285092
                  10.464                      -18.295999
                  10.468                      -18.307008
                  10.472                       -18.31812
                  10.476                      -18.329334
                   10.48                      -18.340651
                  10.484                      -18.352069
                  10.488                      -18.363591
                  10.492                      -18.375215
                  10.496                      -18.386941
                    10.5                      -18.398769
                  10.504                      -18.410699
                  10.508                       -18.42273
                  10.512                      -18.434862
                  10.516                      -18.447094
                   10.52                      -18.459426
                  10.524                      -18.471857
                  10.528                      -18.484387
                  10.532                      -18.497013
                  10.536                      -18.509737
                   10.54                      -18.522556
                  10.544                       -18.53547
                  10.548                      -18.548476
                  10.552                      -18.561576
                  10.556                      -18.574765
                   10.56                      -18.588044
                  10.564                      -18.601411
                  10.568                      -18.614864
                  10.572                      -18.628402
                  10.576                      -18.642022
                   10.58                      -18.655723
                  10.584                      -18.669504
                  10.588                      -18.683362
                  10.592                      -18.697294
                  10.596                      -18.711299
                    10.6                      -18.725374
                  10.604                      -18.739518
                  10.608                      -18.753728
                  10.612                      -18.768001
                  10.616                      -18.782334
                   10.62                      -18.796726
                  10.624                      -18.811172
                  10.628                      -18.825672
                  10.632                      -18.840221
                  10.636                      -18.854818
                   10.64                      -18.869457
                  10.644                      -18.884138
                  10.648                      -18.898857
                  10.652                      -18.913611
                  10.656                      -18.928396
                   10.66                       -18.94321
                  10.664                      -18.958048
                  10.668                      -18.972909
                  10.672                      -18.987788
                  10.676                      -19.002683
                   10.68                      -19.017589
                  10.684                      -19.032504
                  10.688                      -19.047425
                  10.692                      -19.062348
                  10.696                      -19.077268
                    10.7                      -19.092185
                  10.704                      -19.107093
                  10.708                       -19.12199
                  10.712                      -19.136872
                  10.716                      -19.151736
                   10.72                       -19.16658
                  10.724                      -19.181398
                  10.728                       -19.19619
                  10.732                      -19.210951
                  10.736                      -19.225679
                   10.74                       -19.24037
                  10.744                      -19.255023
                  10.748                      -19.269633
                  10.752                      -19.284199
                  10.756                      -19.298718
                   10.76                      -19.313188
                  10.764                      -19.327605
                  10.768                       -19.34197
                  10.772                      -19.356278
                  10.776                      -19.370528
                   10.78                      -19.384719
                  10.784                      -19.398848
                  10.788                      -19.412915
                  10.792                      -19.426918
                  10.796                      -19.440855
                    10.8                      -19.454728
                  10.804                      -19.468533
                  10.808                      -19.482271
                  10.812                      -19.495942
                  10.816                      -19.509545
                   10.82                      -19.523081
                  10.824                       -19.53655
                  10.828                      -19.549952
                  10.832                      -19.563288
                  10.836                       -19.57656
                   10.84                      -19.589769
                  10.844                      -19.602915
                  10.848                      -19.616001
                  10.852                      -19.629029
                  10.856                      -19.642001
                   10.86                      -19.654921
                  10.864                      -19.667789
                  10.868                      -19.680611
                  10.872                      -19.693389
                  10.876                      -19.706127
                   10.88                      -19.718829
                  10.884                      -19.731499
                  10.888                      -19.744142
                  10.892                      -19.756761
                  10.896                      -19.769364
                    10.9                      -19.781955
                  10.904                       -19.79454
                  10.908                      -19.807123
                  10.912                      -19.819714
                  10.916                      -19.832317
                   10.92                      -19.844939
                  10.924                      -19.857588
                  10.928                      -19.870272
                  10.932                      -19.882997
                  10.936                      -19.895772
                   10.94                      -19.908605
                  10.944                      -19.921506
                  10.948                      -19.934482
                  10.952                      -19.947543
                  10.956                      -19.960698
                   10.96                      -19.973958
                  10.964                      -19.987332
                  10.968                       -20.00083
                  10.972                      -20.014463
                  10.976                      -20.028241
                   10.98                      -20.042177
                  10.984                      -20.056281
                  10.988                      -20.070563
                  10.992                      -20.085039
                  10.996                      -20.099716
                      11                      -20.114611
                  11.004                      -20.129734
                  11.008                      -20.145098
                  11.012                      -20.160715
                  11.016                      -20.176601
                   11.02                      -20.192767
                  11.024                      -20.209227
                  11.028                      -20.225997
                  11.032                      -20.243088
                  11.036                      -20.260518
                   11.04                      -20.278297
                  11.044                      -20.296445
                  11.048                      -20.314972
                  11.052                      -20.333897
                  11.056                      -20.353233
                   11.06                      -20.372995
                  11.064                      -20.393202
                  11.068                      -20.413868
                  11.072                      -20.435008
                  11.076                      -20.456641
                   11.08                      -20.478782
                  11.084                      -20.501447
                  11.088                      -20.524654
                  11.092                      -20.548421
                  11.096                      -20.572763
                    11.1                        -20.5977
                  11.104                      -20.623248
                  11.108                      -20.649426
                  11.112                      -20.676252
                  11.116                      -20.703743
                   11.12                       -20.73192
                  11.124                      -20.760799
                  11.128                      -20.790401
                  11.132                      -20.820746
                  11.136                       -20.85185
                   11.14                      -20.883736
                  11.144                      -20.916422
                  11.148                      -20.949927
                  11.152                      -20.984276
                  11.156                      -21.019484
                   11.16                      -21.055577
                  11.164                      -21.092573
                  11.168                      -21.130493
                  11.172                       -21.16936
                  11.176                      -21.209196
                   11.18                      -21.250022
                  11.184                      -21.291862
                  11.188                      -21.334739
                  11.192                      -21.378676
                  11.196                      -21.423694
                    11.2                       -21.46982
                  11.204                      -21.517077
                  11.208                      -21.565489
                  11.212                      -21.615081
                  11.216                      -21.665879
                   11.22                      -21.717909
                  11.224                      -21.771196
                  11.228                      -21.825766
                  11.232                      -21.881647
                  11.236                      -21.938866
                   11.24                      -21.997451
                  11.244                       -22.05743
                  11.248                      -22.118831
                  11.252                      -22.181683
                  11.256                      -22.246016
                   11.26                       -22.31186
                  11.264                      -22.379247
                  11.268                      -22.448204
                  11.272                      -22.518765
                  11.276                      -22.590962
                   11.28                      -22.664828
                  11.284                      -22.740393
                  11.288                      -22.817692
                  11.292                      -22.896759
                  11.296                      -22.977627
                    11.3                      -23.060333
                  11.304                      -23.144908
                  11.308                      -23.231391
                  11.312                      -23.319813
                  11.316                      -23.410214
                   11.32                      -23.502627
                  11.324                      -23.597088
                  11.328                      -23.693634
                  11.332                      -23.792301
                  11.336                      -23.893123
                   11.34                      -23.996136
                  11.344                      -24.101374
                  11.348                      -24.208871
                  11.352                      -24.318659
                  11.356                       -24.43077
                   11.36                      -24.545235
                  11.364                      -24.662079
                  11.368                       -24.78133
                  11.372                      -24.903011
                  11.376                       -25.02714
                   11.38                      -25.153735
                  11.384                      -25.282805
                  11.388                      -25.414356
                  11.392                      -25.548389
                  11.396                      -25.684895
                    11.4                      -25.823859
                  11.404                      -25.965254
                  11.408                      -26.109045
                  11.412                      -26.255182
                  11.416                      -26.403601
                   11.42                      -26.554222
                  11.424                      -26.706944
                  11.428                      -26.861649
                  11.432                      -27.018189
                  11.436                      -27.176393
                   11.44                       -27.33606
                  11.444                      -27.496951
                  11.448                      -27.658791
                  11.452                      -27.821264
                  11.456                      -27.984005
                   11.46                        -28.1466
                  11.464                      -28.308581
                  11.468                      -28.469419
                  11.472                      -28.628525
                  11.476                      -28.785244
                   11.48                      -28.938852
                  11.484                       -29.08856
                  11.488                      -29.233513
                  11.492                      -29.372793
                  11.496                      -29.505424
                    11.5                      -29.630388
                  11.504                       -29.74663
                  11.508                      -29.853077
                  11.512                      -29.948661
                  11.516                       -30.03234
                   11.52                      -30.103119
                  11.524                      -30.160088
                  11.528                       -30.20244
                  11.532                        -30.2295
                  11.536                      -30.240749
                   11.54                      -30.235845
                  11.544                      -30.214633
                  11.548                      -30.177149
                  11.552                      -30.123624
                  11.556                      -30.054472
                   11.56                      -29.970276
                  11.564                      -29.871767
                  11.568                      -29.759795
                  11.572                      -29.635314
                  11.576                      -29.499339
                   11.58                      -29.352932
                  11.584                      -29.197169
                  11.588                      -29.033123
                  11.592                       -28.86184
                  11.596                      -28.684331
                    11.6                      -28.501554
                  11.604                      -28.314409
                  11.608                      -28.123732
                  11.612                      -27.930295
                  11.616                      -27.734798
                   11.62                      -27.537877
                  11.624                      -27.340103
                  11.628                      -27.141988
                  11.632                      -26.943983
                  11.636                       -26.74649
                   11.64                      -26.549857
                  11.644                      -26.354393
                  11.648                      -26.160362
                  11.652                      -25.967994
                  11.656                      -25.777483
                   11.66                      -25.588998
                  11.664                      -25.402678
                  11.668                      -25.218642
                  11.672                      -25.036988
                  11.676                      -24.857792
                   11.68                       -24.68112
                  11.684                      -24.507023
                  11.688                      -24.335536
                  11.692                      -24.166689
                  11.696                      -24.000497
                    11.7                      -23.836973
                  11.704                      -23.676119
                  11.708                      -23.517935
                  11.712                      -23.362412
                  11.716                      -23.209538
                   11.72                      -23.059301
                  11.724                       -22.91168
                  11.728                      -22.766655
                  11.732                      -22.624203
                  11.736                      -22.484302
                   11.74                      -22.346924
                  11.744                      -22.212044
                  11.748                      -22.079632
                  11.752                      -21.949662
                  11.756                      -21.822104
                   11.76                      -21.696929
                  11.764                       -21.57411
                  11.768                      -21.453615
                  11.772                      -21.335417
                  11.776                      -21.219487
                   11.78                      -21.105796
                  11.784                      -20.994315
                  11.788                      -20.885018
                  11.792                      -20.777877
                  11.796                      -20.672865
                    11.8                      -20.569953
                  11.804                       -20.46912
                  11.808                      -20.370338
                  11.812                      -20.273582
                  11.816                      -20.178828
                   11.82                      -20.086052
                  11.824                      -19.995232
                  11.828                      -19.906344
                  11.832                      -19.819367
                  11.836                      -19.734278
                   11.84                      -19.651059
                  11.844                      -19.569687
                  11.848                      -19.490144
                  11.852                       -19.41241
                  11.856                      -19.336466
                   11.86                      -19.262294
                  11.864                      -19.189877
                  11.868                      -19.119197
                  11.872                      -19.050238
                  11.876                      -18.982984
                   11.88                      -18.917418
                  11.884                      -18.853527
                  11.888                      -18.791294
                  11.892                      -18.730706
                  11.896                      -18.671748
                    11.9                      -18.614408
                  11.904                      -18.558673
                  11.908                      -18.504528
                  11.912                      -18.451962
                  11.916                      -18.400964
                   11.92                      -18.351522
                  11.924                      -18.303624
                  11.928                      -18.257258
                  11.932                      -18.212417
                  11.936                      -18.169088
                   11.94                      -18.127261
                  11.944                      -18.086928
                  11.948                      -18.048079
                  11.952                      -18.010704
                  11.956                      -17.974793
                   11.96                       -17.94034
                  11.964                      -17.907335
                  11.968                      -17.875772
                  11.972                      -17.845641
                  11.976                      -17.816933
                   11.98                      -17.789643
                  11.984                      -17.763763
                  11.988                      -17.739285
                  11.992                      -17.716203
                  11.996                      -17.694507
                      12                      -17.674194

